1.000000000025763840e+18
1.000000000021653504e+18
1.000000000022463744e+18
1.000000000023663232e+18
1.000000000025372544e+18
1.000000000020975360e+18
1.000000000021289856e+18
1.000000000026078720e+18
1.000000000025352448e+18
1.000000000023276032e+18
1.000000000024807168e+18
1.000000000021426048e+18
1.000000000021426048e+18
1.000000000025372544e+18
1.000000000022619136e+18
1.000000000026523264e+18
1.000000000021021696e+18
1.000000000022648960e+18
1.000000000025982336e+18
1.000000000025543168e+18
1.000000000021182848e+18
1.000000000020836736e+18
1.000000000020515712e+18
1.000000000023941376e+18
1.000000000020515712e+18
1.000000000025080192e+18
1.000000000020438016e+18
1.000000000020822272e+18
1.000000000023411584e+18
1.000000000024884352e+18
1.000000000025352448e+18
1.000000000019864192e+18
1.000000000020236288e+18
1.000000000022619136e+18
1.000000000026233344e+18
1.000000000023379712e+18
1.000000000019334272e+18
1.000000000025923840e+18
1.000000000024031488e+18
1.000000000023234816e+18
1.000000000024541440e+18
1.000000000022619136e+18
1.000000000026052096e+18
1.000000000021788032e+18
1.000000000022268160e+18
1.000000000025396736e+18
1.000000000019640960e+18
1.000000000024807168e+18
1.000000000023674880e+18
1.000000000019684992e+18
1.000000000024445312e+18
1.000000000026233344e+18
1.000000000025276160e+18
1.000000000020836736e+18
1.000000000025080192e+18
1.000000000020695168e+18
1.000000000020822272e+18
1.000000000022581760e+18
1.000000000026207104e+18
1.000000000023522304e+18
1.000000000026425856e+18
1.000000000023767424e+18
1.000000000019334272e+18
1.000000000025656064e+18
1.000000000024559744e+18
1.000000000021470976e+18
1.000000000020836736e+18
1.000000000018648064e+18
1.000000000020457600e+18
1.000000000019613824e+18
1.000000000020548608e+18
1.000000000025392768e+18
1.000000000025660800e+18
1.000000000019965312e+18
1.000000000020386944e+18
1.000000000020548608e+18
1.000000000022581760e+18
1.000000000026273152e+18
1.000000000026233344e+18
1.000000000019064064e+18
1.000000000026244096e+18
1.000000000022181888e+18
1.000000000025254272e+18
1.000000000021404416e+18
1.000000000021470976e+18
1.000000000025496960e+18
1.000000000024804480e+18
1.000000000022198272e+18
1.000000000023210112e+18
1.000000000020278144e+18
1.000000000020619264e+18
1.000000000022698240e+18
1.000000000025254272e+18
1.000000000019714944e+18
1.000000000019684992e+18
1.000000000021896448e+18
1.000000000018819712e+18
1.000000000020484480e+18
1.000000000026244608e+18
1.000000000023767424e+18
1.000000000022153344e+18
1.000000000024170624e+18
1.000000000019100032e+18
1.000000000026523264e+18
1.000000000025187456e+18
1.000000000018866304e+18
1.000000000021896448e+18
1.000000000019278848e+18
1.000000000025982336e+18
1.000000000023781760e+18
1.000000000022181888e+18
1.000000000024499456e+18
1.000000000021596288e+18
1.000000000020995968e+18
1.000000000020791424e+18
1.000000000021232512e+18
1.000000000023793408e+18
1.000000000024884352e+18
1.000000000020619264e+18
1.000000000022581760e+18
1.000000000026003584e+18
1.000000000022169600e+18
1.000000000026078720e+18
1.000000000023880576e+18
1.000000000025533312e+18
1.000000000024170624e+18
1.000000000026481664e+18
1.000000000023785472e+18
1.000000000025072768e+18
1.000000000025358464e+18
1.000000000025945088e+18
1.000000000025026048e+18
1.000000000020975360e+18
1.000000000025543168e+18
1.000000000022347392e+18
1.000000000025239296e+18
1.000000000019798912e+18
1.000000000019395200e+18
1.000000000022619136e+18
1.000000000021596288e+18
1.000000000021021568e+18
1.000000000025276160e+18
1.000000000019798912e+18
1.000000000022473856e+18
1.000000000024467712e+18
1.000000000024807168e+18
1.000000000022144000e+18
1.000000000021141632e+18
1.000000000020619264e+18
1.000000000025372544e+18
1.000000000023276032e+18
1.000000000020484480e+18
1.000000000023801600e+18
1.000000000022806400e+18
1.000000000026481664e+18
1.000000000022075904e+18
1.000000000021094272e+18
1.000000000021048960e+18
1.000000000026078720e+18
1.000000000019798912e+18
1.000000000022660224e+18
1.000000000019574400e+18
1.000000000022463744e+18
1.000000000022749184e+18
1.000000000019965312e+18
1.000000000025982336e+18
1.000000000024884352e+18
1.000000000022268160e+18
1.000000000023781760e+18
1.000000000025656064e+18
1.000000000021873664e+18
1.000000000022660224e+18
1.000000000021327488e+18
1.000000000024884352e+18
1.000000000020649088e+18
1.000000000021273088e+18
1.000000000019574400e+18
1.000000000019576832e+18
1.000000000022268160e+18
1.000000000025520896e+18
1.000000000025710720e+18
1.000000000020619264e+18
1.000000000022181888e+18
1.000000000021596288e+18
1.000000000021232512e+18
1.000000000019180160e+18
1.000000000022576384e+18
1.000000000025488768e+18
1.000000000019798912e+18
1.000000000022619136e+18
1.000000000019383808e+18
1.000000000025187456e+18
1.000000000024639104e+18
1.000000000024094464e+18
1.000000000025715072e+18
1.000000000020071552e+18
1.000000000020177664e+18
1.000000000022619136e+18
1.000000000019576832e+18
1.000000000025276160e+18
1.000000000024823680e+18
1.000000000024186752e+18
1.000000000021596288e+18
1.000000000021470976e+18
1.000000000021518592e+18
1.000000000022268160e+18
1.000000000022268160e+18
1.000000000023916928e+18
1.000000000026481664e+18
1.000000000022319360e+18
1.000000000025603456e+18
1.000000000025048192e+18
1.000000000023379712e+18
1.000000000022619136e+18
1.000000000024155008e+18
1.000000000026107008e+18
1.000000000022347392e+18
1.000000000021596288e+18
1.000000000019685248e+18
1.000000000021426048e+18
1.000000000019714944e+18
1.000000000022619136e+18
1.000000000023666048e+18
1.000000000019613824e+18
1.000000000019180160e+18
1.000000000022181888e+18
1.000000000020565888e+18
1.000000000021372032e+18
1.000000000025352448e+18
1.000000000022463744e+18
1.000000000021273088e+18
1.000000000022861312e+18
1.000000000025830912e+18
1.000000000021896448e+18
1.000000000020619264e+18
1.000000000026233344e+18
1.000000000025239296e+18
1.000000000026233344e+18
1.000000000021426048e+18
1.000000000024278144e+18
1.000000000020386944e+18
1.000000000022268160e+18
1.000000000018739456e+18
1.000000000026523264e+18
1.000000000020769024e+18
1.000000000021048960e+18
1.000000000024155008e+18
1.000000000021896448e+18
1.000000000026466304e+18
1.000000000021596288e+18
1.000000000025187456e+18
1.000000000023767424e+18
1.000000000019877504e+18
1.000000000022142336e+18
1.000000000021327488e+18
1.000000000025782912e+18
1.000000000019334272e+18
1.000000000019150976e+18
1.000000000024884352e+18
1.000000000023276032e+18
1.000000000019064064e+18
1.000000000020649088e+18
1.000000000022660224e+18
1.000000000021331584e+18
1.000000000021331584e+18
1.000000000022763264e+18
1.000000000021232512e+18
1.000000000025533312e+18
1.000000000024639104e+18
1.000000000020548608e+18
1.000000000026273152e+18
1.000000000024565120e+18
1.000000000020966144e+18
1.000000000021873664e+18
1.000000000022862080e+18
1.000000000022428160e+18
1.000000000026481664e+18
1.000000000019685248e+18
1.000000000023628800e+18
1.000000000023282816e+18
1.000000000019613824e+18
1.000000000025048192e+18
1.000000000019334272e+18
1.000000000023944960e+18
1.000000000024807168e+18
1.000000000024186624e+18
1.000000000023380096e+18
1.000000000020565888e+18
1.000000000021289856e+18
1.000000000021187968e+18
1.000000000023601408e+18
1.000000000022815232e+18
1.000000000025782912e+18
1.000000000024087552e+18
1.000000000020565888e+18
1.000000000026481664e+18
1.000000000023522304e+18
1.000000000019278848e+18
1.000000000020485120e+18
1.000000000023857024e+18
1.000000000021273088e+18
1.000000000021187968e+18
1.000000000025072768e+18
1.000000000025358464e+18
1.000000000024608512e+18
1.000000000020822272e+18
1.000000000024659072e+18
1.000000000021372032e+18
1.000000000025372544e+18
1.000000000020565888e+18
1.000000000025654272e+18
1.000000000019714944e+18
1.000000000023916928e+18
1.000000000022877824e+18
1.000000000021331584e+18
1.000000000026095872e+18
